Wavelength in nm	0	1
335.0	-0.010855239741054313	0.03559211775972352
336.0	-0.009018751402589448	0.03246571051148901
337.0	-0.009683817582500677	0.03335791625481611
338.0	-0.009066397815357527	0.03365686533806715
339.0	-0.009999361194000118	0.034758752634720926
340.0	-0.00858935545526069	0.03362488723097618
341.0	-0.008432287450760863	0.03154875648595897
342.0	-0.007718093614875724	0.032301030093063204
343.0	-0.0082988106335914	0.03113130277248177
344.0	-0.007193909367939735	0.029601801909952784
345.0	-0.005722234215891993	0.029611932051800308
346.0	-0.005643719570165902	0.028824400049178443
347.0	-0.005007168155590359	0.027505235794555043
348.0	-0.004037224474402431	0.02597877249986419
349.0	-0.002707274346494103	0.02661190347828868
350.0	-0.002141991318296391	0.026601348059165475
351.0	-0.001261194338078825	0.024390461372405605
352.0	-3.6467794493652015e-05	0.024152430174976376
353.0	0.00026763568868178397	0.024541792116501968
354.0	0.0012609855725630162	0.017584360142603558
355.0	0.0017864012824266105	0.02001806222772993
356.0	0.0030991445752052097	0.02053906418686075
357.0	0.001881573094212311	0.017434268496852593
358.0	0.0036587597489020213	0.016103933424454094
359.0	0.004821172492924535	0.01896865841233608
360.0	0.0029067776072829927	0.021105779610610075
361.0	0.005888325906491508	0.017293322048382503
362.0	0.005899261899870428	0.012441176155095678
363.0	0.0070456467999525105	0.016203554499959794
364.0	0.006634893071194751	0.013302182536975607
365.0	0.00904302561257353	0.01650126467683008
366.0	0.009355645327017364	0.014694032266831646
367.0	0.008978632966562986	0.013475038047436399
368.0	0.008924472002953618	0.012781593516194525
369.0	0.010358243047449157	0.01574773411638345
370.0	0.010676955340757771	0.01371830771142305
371.0	0.009856526662384292	0.014780812503840543
372.0	0.009183933019234161	0.013690702433199635
373.0	0.009782812064219323	0.014344616338281243
374.0	0.00972336437683632	0.01326416240763726
375.0	0.009348069633422884	0.011811866673650322
376.0	0.009141924443539194	0.010832914222314178
377.0	0.008928514144649034	0.012629349726991495
378.0	0.008388270348641317	0.010206840873619442
379.0	0.007433612064579709	0.006326044830108462
380.0	0.006361665399124086	0.01146480410282814
381.0	0.0054507543053992835	0.010571072563480652
382.0	0.005125490474992002	0.00906353933281299
383.0	0.004657022803542176	0.006809638215058265
384.0	0.0040481295630832815	0.010424356954627468
385.0	0.004832407946969343	0.0068940866237596305
386.0	0.004561013086060863	0.005414589535014171
387.0	0.003805065494141651	0.0026562857868135032
388.0	0.002838548695587024	0.0024842701466517548
389.0	0.0030743114947955983	0.0014652199570766172
390.0	0.003508682110407037	-0.001772283911961023
391.0	0.003026365792550183	-0.0035176380871163784
392.0	0.003205415988608669	-0.004649004333871504
393.0	0.0022703970002537176	-0.006585484221912749
394.0	0.002400457031955756	-0.007555704734711124
395.0	0.0022342510263595274	-0.010592936253190313
396.0	0.0021143761597463714	-0.012107109215182548
397.0	0.0019888855397348386	-0.015158059445313034
398.0	0.0023685076335354972	-0.015110045197472314
399.0	0.0014633628104866144	-0.01833821931126317
400.0	0.0006224935879257261	-0.022307335311621886
401.0	0.001230028290647747	-0.02403201066723286
402.0	0.0012433643138583027	-0.02552628181439073
403.0	0.0008437044165527794	-0.028396713270400407
404.0	0.0006397336780520248	-0.03157047832175639
405.0	0.0010669013716577411	-0.033183062715868586
406.0	0.0005280110460540357	-0.03388903063545792
407.0	0.0005057003822823455	-0.035225010828712475
408.0	0.0006282607500645848	-0.03760811252883237
409.0	0.0002782454707100105	-0.03836033276005722
410.0	0.00020458708511031227	-0.03957650205012995
411.0	-0.00016281463666817492	-0.04096013751209175
412.0	-0.00017539998208540087	-0.04177043558011974
413.0	-0.00024095796940773267	-0.04236856316254836
414.0	-0.0005453843839698879	-0.04338559189941131
415.0	-0.00029021183339011545	-0.043655938072403186
416.0	-0.0004464020180004787	-0.04519125739114569
417.0	-0.0007526804815518869	-0.04536860320085754
418.0	-0.00026003505321250394	-0.04615560481387911
419.0	-0.0010674976852355683	-0.04706783534053028
420.0	-0.001083998051334291	-0.04827549394672561
421.0	-0.0007799989200127066	-0.04851123438341355
422.0	-0.0008219290773344175	-0.04838533803530329
423.0	-0.0004912063363177484	-0.049527480910724245
424.0	-0.0002885332208445893	-0.049652093734909246
425.0	-0.00034010621404458535	-0.04992313801351784
426.0	-7.552725707989307e-05	-0.050938772931210984
427.0	-0.00010821839819921728	-0.05266072305979885
428.0	9.657661386894256e-06	-0.051923002424907314
429.0	0.0001256384234886694	-0.051718379289736376
430.0	9.242984617129653e-06	-0.05287616839447956
431.0	0.0002554120476575098	-0.05260032025639164
432.0	0.00028786314907832924	-0.0519187273509847
433.0	0.00047521719558267755	-0.05284872439507523
434.0	0.0006344002949727627	-0.05296258081091114
435.0	0.0011338515851187832	-0.053055484349128317
436.0	0.001279269760740218	-0.05252771758574304
437.0	0.0010419706056348649	-0.052696921449020974
438.0	0.0013802083847939742	-0.05272842154633252
439.0	0.0013088477220180093	-0.05235306921199974
440.0	0.0015562393131524745	-0.05257522149625199
441.0	0.0015337878415854962	-0.05237880552087723
442.0	0.0016531021604508055	-0.05166197836711145
443.0	0.0017109834634330848	-0.05119137733757317
444.0	0.0016392772769097427	-0.05162988804636977
445.0	0.0018688112094007892	-0.05092029051652436
446.0	0.002032357835846192	-0.05074705002701351
447.0	0.002034855662069528	-0.050262489334599765
448.0	0.0021255538372581604	-0.05015910381991447
449.0	0.0021719131143801166	-0.04897925867788614
450.0	0.0022260182767919966	-0.04929456535519524
451.0	0.0022470510423766034	-0.04815349814560445
452.0	0.0024386242825518885	-0.047424456892991435
453.0	0.0026148732832717474	-0.04596914308701312
454.0	0.002604245203539157	-0.04642804091130549
455.0	0.0027676865773072954	-0.045045428991780566
456.0	0.002892692152851449	-0.0446421713845783
457.0	0.0028521660144036572	-0.042987561863022224
458.0	0.002885690485278419	-0.04313307103619083
459.0	0.002871417570585768	-0.041967989386711
460.0	0.002604465516000361	-0.041521702443107975
461.0	0.0027774518759180237	-0.04012665421595252
462.0	0.002662802906543405	-0.040144311400044035
463.0	0.0027761513818237524	-0.03855550485833857
464.0	0.0026916780849365104	-0.03846998409796559
465.0	0.002531659128854969	-0.03672050861284912
466.0	0.002651118535012682	-0.03643639449337733
467.0	0.0023154012684537184	-0.035616416962329145
468.0	0.002455677804037207	-0.03489069695797241
469.0	0.002440222771563902	-0.03327787486087656
470.0	0.002059721518424741	-0.03301661163557968
471.0	0.0018658755838023716	-0.03122683490215755
472.0	0.001696265680896706	-0.030186281358315407
473.0	0.0017245066304334051	-0.029048965980996787
474.0	0.0016940902195941075	-0.028371249483607763
475.0	0.0017364966863951128	-0.02714941558967478
476.0	0.001645648181031799	-0.02641897368775372
477.0	0.001509141581780404	-0.025337205108914504
478.0	0.001374855984145846	-0.02399702903863108
479.0	0.001146959801775772	-0.022564111417120558
480.0	0.001050259688449042	-0.021762511070114423
481.0	0.0009751862321668774	-0.020530084632729446
482.0	0.0011756095548819145	-0.019633694618349788
483.0	0.0009429378375032838	-0.018554059001442604
484.0	0.0008818926153580601	-0.017753568045695972
485.0	0.0009373456856703884	-0.016707216705304256
486.0	0.0006972545642649294	-0.016014516525352206
487.0	0.0010340617952953005	-0.01454662397588997
488.0	0.0010509325617480924	-0.013549704894096504
489.0	0.0008465729564154819	-0.012703968288233388
490.0	0.0009179138949696135	-0.011789137964222207
491.0	0.0008335470292620048	-0.010786452953401618
492.0	0.0008045725687826753	-0.010109767094801218
493.0	0.000783470057486097	-0.00957342840205467
494.0	0.0009195020308970714	-0.008600393009358236
495.0	0.0006808915889391675	-0.007497275993458412
496.0	0.0006939838321643691	-0.007282009842757299
497.0	0.0007149896136782378	-0.006438667337309726
498.0	0.0007885542984877442	-0.005892943579289648
499.0	0.0007239068246748184	-0.0050714671183723645
500.0	0.000694067346443648	-0.004681864432179842
501.0	0.0006379457087480645	-0.0037579327857413082
502.0	0.0006223070240777792	-0.003214813719501139
503.0	0.0005346082771827298	-0.002969990795146833
504.0	0.0004611702799780324	-0.002307033225522558
505.0	0.00046720041388991455	-0.0017255163575710373
506.0	0.0003766161228160515	-0.001390243401533168
507.0	0.0002478323613065167	-0.0005241800660641176
508.0	0.00019287202301496466	-0.00015394915811366353
509.0	0.00011260599114754889	0.0004098792909674402
510.0	7.404287403695615e-05	0.0007596740243153424
511.0	-1.0182037313256812e-05	0.0012489255005967862
512.0	-0.00012041873974147195	0.0017092553060982635
513.0	-0.00017962503765027842	0.0019197528909978116
514.0	-0.00017642575809557201	0.0023485846184514475
515.0	-0.00027226423013453316	0.002898096542465522
516.0	-0.0003533969724982038	0.003319503083560779
517.0	-0.00041999817846530746	0.0039777020486737825
518.0	-0.00045987478908443807	0.0038195306983509316
519.0	-0.0005659984195319942	0.004260839203154971
520.0	-0.0005391629559979589	0.004471979828786647
521.0	-0.0005895846640624185	0.00490560046688956
522.0	-0.000711125351578831	0.005111941247767672
523.0	-0.0006700941463206611	0.0053765809762595295
524.0	-0.0007275579371555211	0.005591426648909544
525.0	-0.0008391056007617132	0.006223570199946696
526.0	-0.0008968331209695061	0.0061718394294395205
527.0	-0.0010629301950300016	0.0066201558782306045
528.0	-0.001090028111509005	0.006772886950632434
529.0	-0.0010831124184144374	0.0072798200077956905
530.0	-0.0011159928461906472	0.007387180839811435
531.0	-0.0013194411159658686	0.007745495867096017
532.0	-0.0013665393477653395	0.007707874489325919
533.0	-0.0013701497461109777	0.008081252254550936
534.0	-0.0016234214283933014	0.00836291081153147
535.0	-0.0014391983313758994	0.008566715614791763
536.0	-0.0015500742145974711	0.00864897750154416
537.0	-0.0016597409161206679	0.009161130993268596
538.0	-0.0016536989705715286	0.009294625696132775
539.0	-0.0018675755109779227	0.009375956882485076
540.0	-0.0019493069163109607	0.009551969075285063
541.0	-0.0019192536865238483	0.009721469635657457
542.0	-0.002129263525316242	0.010195521640909309
543.0	-0.002014820413958087	0.010161892330419331
544.0	-0.00211074036531658	0.010455776500149611
545.0	-0.0022387232516169592	0.010631430002073651
546.0	-0.002154788605114749	0.010701034258847811
547.0	-0.0023209758614005324	0.01084782551737527
548.0	-0.0023911204954759945	0.010631612137435771
549.0	-0.0025013997207940153	0.011029359975355962
550.0	-0.002638535615602625	0.011083404929862924
551.0	-0.0026129694215941864	0.01128691951265789
552.0	-0.0027627744708173343	0.011506423172180381
553.0	-0.002798439135684562	0.011707706487847068
554.0	-0.0029622303067831923	0.011642111978033285
555.0	-0.0028723100139756252	0.011754907022981572
556.0	-0.003145443583041658	0.012098562272277175
557.0	-0.0030603741739782726	0.01218017253212856
558.0	-0.0031645187229882112	0.012442675518060784
559.0	-0.0033321794398740554	0.012676082053220742
560.0	-0.003484546951544123	0.01240828439240695
561.0	-0.0033634447201389625	0.012732222995831223
562.0	-0.0034519956199559206	0.012890051646892007
563.0	-0.0036629588718144505	0.013143565864901289
564.0	-0.0035403348376514448	0.013287219379337913
565.0	-0.003881197896324511	0.013806528405619543
566.0	-0.0038987528300842163	0.013468783096625152
567.0	-0.003964147309652369	0.013783442696193549
568.0	-0.004044443440606936	0.01358274172373669
569.0	-0.004006670608368512	0.013875365644524185
570.0	-0.004103212947752766	0.014126289367029103
571.0	-0.004115109781435006	0.01427279507120246
572.0	-0.004231327396594676	0.013970750909559392
573.0	-0.004178060409751082	0.01376261523637674
574.0	-0.0040754823459424475	0.013747670668384988
575.0	-0.004127754015120421	0.013795078581187408
576.0	-0.004355766558641215	0.013668035973270579
577.0	-0.0042611541398278625	0.013942955382170958
578.0	-0.004206140750893841	0.01433440469915845
579.0	-0.00447546181776522	0.014429169130980338
580.0	-0.0046312352053989566	0.014164752186621119
581.0	-0.004798326843970658	0.014805309057670116
582.0	-0.004465057462211455	0.014379546169168167
583.0	-0.004408329842307005	0.01443690206210394
584.0	-0.004650340426068881	0.014456416802911246
585.0	-0.004400711130404799	0.014066139398151748
586.0	-0.0044524008149168645	0.014345452928849929
587.0	-0.004288886397822229	0.013984685178278796
588.0	-0.00452732502670035	0.013597920279688694
589.0	-0.004338176499317888	0.01348879025467236
590.0	-0.004098309226695843	0.013855515292499263
591.0	-0.004306293786285609	0.014169326650786183
592.0	-0.004331133293390587	0.013286517162781345
593.0	-0.0042930964369823806	0.013603893514607217
594.0	-0.0042936578929446455	0.013718885836703254
595.0	-0.0041503801842853565	0.013153697870447094
596.0	-0.0041301790120322705	0.013192747410630467
597.0	-0.004060480280512373	0.013235961414466896
598.0	-0.004161149963831259	0.013249437645070292
599.0	-0.004279971182761215	0.013491830836171817
600.0	-0.003959958941083499	0.012775269679598945
601.0	-0.0042594947132813055	0.013521094712872618
602.0	-0.0038175533637261213	0.013153468367746207
603.0	-0.003780341127865498	0.013176428683253043
604.0	-0.004042103789141233	0.012707649001294698
605.0	-0.003793943032665485	0.012620447754067376
606.0	-0.0038403920357936803	0.012934730287658779
607.0	-0.0038394819491661134	0.012721049709755359
608.0	-0.003487187503322674	0.012531462813397272
609.0	-0.003363245637425414	0.012333085396622747
610.0	-0.003582159414799543	0.01209934463690707
611.0	-0.0034338259690220763	0.01199000013347659
612.0	-0.00341142110491382	0.011937889481283052
613.0	-0.0033537151816844042	0.011859129025514026
614.0	-0.003251769863333303	0.011625659566028018
615.0	-0.0033275758359603987	0.01230774445646596
616.0	-0.002842485018286357	0.011388057790574571
617.0	-0.0033277066139752714	0.011092104184179727
618.0	-0.003193605580780806	0.011782499390398715
619.0	-0.002610028951772162	0.010840754621038699
620.0	-0.0033062825669763663	0.011227907599074854
621.0	-0.0028684649833429256	0.010914960843672016
622.0	-0.0030240667368700634	0.010804046486582406
623.0	-0.0030579975106069432	0.011011310128211424
624.0	-0.00293807441074245	0.0110897992683991
625.0	-0.0025727919682463495	0.010462443644090005
626.0	-0.002563772937892945	0.011173968878710692
627.0	-0.0025285742525603463	0.01105341782267955
628.0	-0.0023223357415862803	0.01051076985579763
629.0	-0.00235117627913013	0.010097357887792535
630.0	-0.002412001771676766	0.010539425412877904
631.0	-0.002191116438455635	0.009795842390230448
632.0	-0.0025337757138810296	0.010685140651502055
633.0	-0.002549412579633831	0.009604374023566354
634.0	-0.0021105081146822065	0.0093425303124015
635.0	-0.0022498011991320607	0.010270233840564486
636.0	-0.0024394770304422774	0.009424317469204519
637.0	-0.0020644549599501843	0.009548645347326037
638.0	-0.0019034759171988307	0.010115057421269264
639.0	-0.0018032628842720284	0.00922734831952916
640.0	-0.0020513934714868846	0.008521671198835868
641.0	-0.0017225816292149206	0.0093273777296796
642.0	-0.0018158875330754288	0.009109625900069048
643.0	-0.0018583384428381218	0.009764314788692675
644.0	-0.0016076643532133446	0.009452343462053623
645.0	-0.0017599230003920768	0.008991791366916427
646.0	-0.0011468663192097034	0.009188444898889564
647.0	-0.0016873408039018401	0.009309713730900776
648.0	-0.0015218350035236686	0.00872067916839324
649.0	-0.0015030691431646968	0.009391693008570411
650.0	-0.001123763703006702	0.00898813739218592
651.0	-0.001644249782036307	0.008961089382608756
652.0	-0.0013016853120522288	0.008688387182777212
653.0	-0.001500812781623046	0.008016392336650253
654.0	-0.0011079104886382387	0.008454193205631299
655.0	-0.0013288961324562098	0.007555604083976367
656.0	-0.001193768399362397	0.007623136686557417
657.0	-0.0013170131335299628	0.008232834303982558
658.0	-0.0014343933691723723	0.008563296818682594
659.0	-0.0010181782163900435	0.008173828457532383
660.0	-0.0008237989656221297	0.008000457790277367
661.0	-0.0011571450944200428	0.007747408186582755
662.0	-0.0010935014722862812	0.00795532442615157
663.0	-0.0009578970978639534	0.008293170476106138
664.0	-0.001043898038366251	0.007696159667208912
665.0	-0.0009874029728592837	0.007435881374347991
666.0	-0.0008398722741095432	0.008330556951097006
667.0	-0.0010148631683063502	0.0065443512256306395
668.0	-0.0010446338630972147	0.006357084741757871
669.0	-0.0009041048448894285	0.0078070434931012305
670.0	-0.0007175452248801195	0.00690252124702119
671.0	-0.0009749115474159503	0.007458342214240508
672.0	-0.0010688746222265247	0.007331922681110994
673.0	-0.0008400586167071267	0.006720222246678584
674.0	-0.0009298491350538054	0.0069241358323770385
675.0	-0.0008305954435937035	0.00686047231713783
676.0	-0.0009053949306983145	0.0070261828917678945
677.0	-0.0007440132685398972	0.006884374746276284
678.0	-0.0006165802734217243	0.006860452165617872
679.0	-0.0003729319601880958	0.006180341328146741
680.0	-0.00032798760588787743	0.006236258581876025
681.0	-0.0007359803396002597	0.006393057601798373
682.0	-0.00019482930123399146	0.006736512530636226
683.0	-0.0007686073835739357	0.006715140228969711
684.0	-0.0007003470046121327	0.006445434974461594
685.0	-0.0007904691442354904	0.006962418662200608
686.0	-0.0004623011457804343	0.006937887339245399
687.0	-0.0006734395849404291	0.006816208254570445
688.0	-0.0004859822398052042	0.006349498181580402
689.0	-0.0006102109299391025	0.006507139150129278
690.0	-0.00030596020961768744	0.006192851371703744
691.0	-0.0004943291566783778	0.006594361822461071
692.0	-0.0006134598915399875	0.005999702606339315
693.0	-0.0005396950038289854	0.005716478346921364
694.0	-0.0003360191179950356	0.006251085553028908
695.0	-0.00026967290586304326	0.006134694673474617
696.0	-0.0003134524480958578	0.005624521050042896
697.0	-0.000190930309655263	0.005948169723603332
698.0	-0.00014987980435881266	0.0060402159248557465
699.0	-0.00025109136239947187	0.005778847618183949
700.0	-0.00024114670228125948	0.006055898937762816
701.0	-0.00023714865589992298	0.005844418121856277
702.0	-0.00020364054121356924	0.005676601255983938
703.0	-0.00017780417003943215	0.005987199887808205
704.0	-9.871463395043116e-05	0.005569419331793077
705.0	-0.0002459364555632804	0.006070942663471752
706.0	-0.00012828222122324587	0.005721920627683573
707.0	-2.534943373143214e-05	0.0057385386527468345
708.0	-9.287830761241113e-05	0.005485281473943951
709.0	-0.00015914338022143432	0.005493024222161458
710.0	-8.534815816642785e-06	0.006010638291741309
711.0	-6.023750270860886e-05	0.005436514280508108
712.0	-4.683721924661419e-07	0.0055185633841103995
713.0	6.280278505661089e-05	0.005341127684487491
714.0	0.00014377943335367615	0.005360771099748442
715.0	0.00016285308413270628	0.005482830217805914
716.0	0.00014246428623555392	0.005305275552665893
717.0	0.0001709773303413362	0.005631763305647712
718.0	7.510894826695065e-05	0.005513628967447487
719.0	0.00019448043878158346	0.005554118255772793
720.0	8.385713913558454e-05	0.005338914318154768
721.0	0.0001518262575170948	0.005364866123906134
722.0	0.00041688466389673247	0.00553088441383665
723.0	0.00042349272203951886	0.005608295056453492
724.0	0.00041232823017703943	0.005016932028734398
725.0	0.0006017050288960147	0.0050607033764497504
726.0	0.0003221461979940003	0.005055109712309339
727.0	0.0003756830377480823	0.0051943814500449445
728.0	0.0002169002184935813	0.004995857429435886
729.0	0.0002477891064449817	0.005281956753280673
730.0	0.00041281203731685813	0.004763283484862964
731.0	0.0002160502705475294	0.00549125547414725
732.0	0.00018592878172067422	0.0049411004936026305
733.0	0.00023750504770113728	0.005144309195015895
734.0	0.00011196728337783378	0.0050475798056725425
735.0	0.00033862016055787817	0.005000197003278074
736.0	0.0002280168730671561	0.004531518827515919
737.0	4.175199445093272e-05	0.005389606998240172
738.0	-8.603470016570515e-06	0.005200138877094418
739.0	1.5258423488252582e-05	0.005150425648076883
740.0	1.7903274136252416e-05	0.005156684967439746
741.0	0.00011862042207160155	0.00517836743847368
742.0	-8.987834503053285e-05	0.005112479514461403
743.0	1.2143369997186567e-05	0.005119800994516713
744.0	5.189709958823919e-05	0.004822219319997856
745.0	1.5920551556436523e-05	0.004864557731667351
746.0	9.001941551538113e-05	0.004880404962913349
747.0	0.00019683852423739827	0.00495315945416545
748.0	4.770172160100331e-05	0.004870884999533553
749.0	0.00019348662378907143	0.004760020329465073
750.0	0.0001680317750910638	0.004761001987285127
751.0	0.000157983911871075	0.004712271626675412
752.0	0.00024814694726467423	0.0044325294219084216
753.0	0.0001651323472753879	0.004570614561538845
754.0	0.00024289200936732775	0.004792787733606297
755.0	0.00028418740640667576	0.004615848458864982
756.0	0.00027640781789823476	0.004678940842527185
757.0	0.00031600081269070795	0.004787010755079692
758.0	0.0002585914873869138	0.0045900171133534
759.0	0.00025342403009390104	0.004614476024564638
760.0	0.00024701104673512526	0.004547480618732824
761.0	0.00019178533845960047	0.004640571187429823
762.0	0.0002267279153737832	0.004631396221601343
763.0	0.00020270660201013814	0.004721706498947673
764.0	0.00015631305978428602	0.00459250386807168
765.0	0.0001591386183449396	0.004530161922167285
766.0	0.00013779157423315802	0.004480429467580443
767.0	0.00014449205152516431	0.004655873047350363
768.0	0.0001348876385483853	0.004479219695772588
769.0	7.480309762533636e-05	0.004675587258640122
770.0	0.00011907763512032783	0.004591216237407527
771.0	0.0001382708320055032	0.004631307674040188
772.0	0.00011030838322671169	0.004681428317710593
773.0	8.500738013991146e-05	0.004521797523308813
774.0	0.0001823006292582929	0.004667832977254693
775.0	0.00017768823778414262	0.004814098035577373
776.0	0.0002196515571543619	0.004732939777350248
777.0	0.0002786413949528135	0.004583516623095306
778.0	0.0003972108913175539	0.00470951060104907
779.0	0.0004353042787123888	0.004579176326414027
780.0	0.00048116839957468456	0.004755780448358264
