Wavelength in nm	0.5 ps	1.5 ps	20.4 ps	101 ps	501 ps
335.0	0.025947635902182412	0.028828378183444952	0.03429273156422635	0.03600754683601	0.03669782857459378
336.0	0.024117779856445126	0.02654290047522157	0.03201986144243599	0.03188695588952835	0.03143364124463774
337.0	0.024632209316701837	0.02723407953338604	0.03293489991196935	0.03385059198106954	0.03297863341060594
338.0	0.025575127001211253	0.028194322443134044	0.03287522610089468	0.034017578658288854	0.03224645531377526
339.0	0.02454414396233109	0.028113398633697065	0.03429993146605977	0.03498729907385369	0.0353927714714263
340.0	0.025834082381786253	0.02776922342834936	0.03324152562330775	0.03321444544428311	0.03324316692320098
341.0	0.02365444574252941	0.025735613073146625	0.03123602237593446	0.03188121697531799	0.03000856039095175
342.0	0.026269865695379615	0.02708933044945434	0.03149784540024893	0.033210656056126865	0.031384142245151486
343.0	0.02300060018843363	0.026451536693722758	0.030558632918130293	0.03096876221388234	0.030979991539168496
344.0	0.022550819386674383	0.024429964903758466	0.030152069960298372	0.029971749044902966	0.029514875607993082
345.0	0.024183626385899062	0.0262206543484959	0.029474179555718023	0.030599547034805476	0.029227826377760644
346.0	0.023615745693967252	0.026146878759866692	0.029020058336748845	0.028456821882643094	0.0281806636525257
347.0	0.02234796447030326	0.024105084341973563	0.02751592560119134	0.027732901390928055	0.027435876964531803
348.0	0.02278058803007708	0.023347191078670487	0.027266298161194216	0.02521080358385125	0.025966696648938
349.0	0.024283621249328223	0.02414914745308353	0.026129721253253694	0.02798608935803167	0.02657575079088337
350.0	0.02472797749825132	0.027205349885830704	0.026437041399304678	0.02694667850952546	0.024366006000812658
351.0	0.02264023980948634	0.02252796464382104	0.023335657438418977	0.022958836453362542	0.0251417852245223
352.0	0.02393951575987315	0.024556092768484715	0.025186086508903065	0.02385365236134253	0.024814746031892144
353.0	0.023029989303957596	0.026309455885487415	0.024521122400778642	0.02624674927354277	0.02278565496034436
354.0	0.019992638615619042	0.017977036457113908	0.01677639229033381	0.01854593702884313	0.014593746701905627
355.0	0.019312599279850472	0.02472657468852075	0.018325919323074896	0.020522460251321328	0.017031017947607682
356.0	0.022625540427352157	0.019599352885751372	0.022394714727318323	0.020391096840134616	0.022237354517854878
357.0	0.01743488723166019	0.021021559807667897	0.01758677200769047	0.02112068665274897	0.013150271867997195
358.0	0.019794644291046225	0.02032480658617287	0.019776520150642726	0.0140281981971161	0.014573982630781558
359.0	0.022893561648841713	0.02200855541381323	0.02005408938770905	0.01758823165963725	0.018833951684745057
360.0	0.024323902493702105	0.02367513654578286	0.022220631659002805	0.019211112009440097	0.022076136586213154
361.0	0.02465853269497097	0.020965539938107125	0.0173823929804044	0.018234863959898675	0.017603899337505925
362.0	0.01611129225201357	0.01794830994798154	0.014001451129199807	0.012163137767960804	0.008531956498072396
363.0	0.0220007734087396	0.02199999204800104	0.01739943706621083	0.015582340082911853	0.014392842611862905
364.0	0.0204421326671237	0.017692016402884512	0.014631837993029966	0.01285897555640858	0.012143532584280678
365.0	0.024534564394106444	0.023668173125427402	0.016920849529773876	0.016869020473893177	0.016482770469191797
366.0	0.023260492931568098	0.021767562385016072	0.016253637176187864	0.01488143331578972	0.012673500336277484
367.0	0.022463737053441138	0.02055860315361164	0.013589257648740527	0.013733881263439324	0.01352675091064869
368.0	0.019660728052604146	0.018250747895082332	0.013627512632376713	0.011888110335153744	0.012785226405292983
369.0	0.025184715744822454	0.021790786718873356	0.016018526476696895	0.015466878877219191	0.014934837193113894
370.0	0.022952452873359445	0.02027320474390786	0.014564105869128019	0.01343885499938027	0.012180830821007292
371.0	0.024039935494937898	0.023251567744212654	0.01462587375802405	0.014968923118729703	0.01499426511909601
372.0	0.022230332172727275	0.01947662535912502	0.01503104115342145	0.012862828150026165	0.012682437722773797
373.0	0.022448233891050138	0.022179889310316624	0.014839905885914625	0.014693831864371423	0.013260675874435022
374.0	0.022372451073531387	0.020406702142059665	0.013853320915094102	0.01442010089800781	0.011938045685660849
375.0	0.0206027055937121	0.017601542610015886	0.012217629166635758	0.011566606102996204	0.012450503918873163
376.0	0.019542319005569558	0.014514772526353659	0.011414968119735436	0.011129403844318623	0.00998863703182935
377.0	0.021568431294226437	0.017917322239185598	0.012606098756353122	0.012892948844544398	0.012002678611733928
378.0	0.018367703422417107	0.014898026781353602	0.011226614427535433	0.009293454637155751	0.008932321933826192
379.0	0.013328364369495574	0.01264245795010504	0.006544092338277487	0.006026757587708466	0.007527160011059221
380.0	0.018719807993219293	0.01631221509902114	0.013262473604693207	0.009963383488296737	0.010615305619974702
381.0	0.016604665673321244	0.014883313179625587	0.01114089380763944	0.008331914200693584	0.011006942836302103
382.0	0.016871522351729427	0.014218922494118954	0.009437728965947112	0.00599313034022881	0.008455295134958133
383.0	0.012536486151994018	0.011041940489458831	0.008414635152297307	0.0022716468709763796	0.007343542990640392
384.0	0.016242360448488546	0.01572247187141609	0.012610461660923188	0.0050344001853246025	0.009133333080302938
385.0	0.013004544544679985	0.012454194858468085	0.00886832644264019	0.0005280729616874141	0.006679803260019831
386.0	0.011914847423354972	0.00993235330328437	0.00829420908044288	-0.0009114836269788072	0.004772903466965985
387.0	0.00791136923879721	0.0057228834059022985	0.005840553446211186	-0.00502785916764578	0.0025762801300730893
388.0	0.006753725534381483	0.004686233173119302	0.004969932051361553	-0.005530592428675324	0.001125106792367774
389.0	0.005853965712207566	0.004320540254331358	0.0037605356792624785	-0.007520447395454486	0.0013249789057701664
390.0	0.0020504498961917026	0.0011218555861353902	0.00022440219693539636	-0.01061752084723496	-0.003986951785612572
391.0	-0.0006579239843288654	2.3953521106627483e-05	-0.0011930520201457449	-0.011039402824359978	-0.0028361681686118983
392.0	-0.00238763701993316	-0.00396565427461683	-0.003142436186640232	-0.013851221759562736	-0.005713848765307945
393.0	-0.005864841597752525	-0.011639016522169315	-0.0038120206369690332	-0.015437949423314858	-0.006111529252796348
394.0	-0.009152077163558144	-0.017082455581023257	-0.006033859378912091	-0.016561368338079637	-0.00846873947501197
395.0	-0.012328208318655057	-0.02139403685623275	-0.00859965011340369	-0.01946288341376421	-0.010727842011160331
396.0	-0.015233663289866	-0.018473229046244075	-0.010268419893899958	-0.021137092699499756	-0.012517209222783108
397.0	-0.01746393702799959	-0.018322348037994318	-0.012530514126059518	-0.023483032666973276	-0.015039250820954015
398.0	-0.016665315856565697	-0.014544701098030523	-0.013943020432573497	-0.023594493780588408	-0.016249186993477514
399.0	-0.01926013185285329	-0.016991746934962897	-0.017067979819992078	-0.0273498609293836	-0.01789253286879743
400.0	-0.022652736657610056	-0.02207563885818639	-0.02182607043227593	-0.030400376773652663	-0.02309042669280407
401.0	-0.024270578994687153	-0.022151672084430647	-0.024409840666349877	-0.03207674707600711	-0.02407050299162721
402.0	-0.02474845621883823	-0.02340938724686462	-0.025530092960489057	-0.031828132596463686	-0.025757948701306366
403.0	-0.028390274707290455	-0.027994671145487985	-0.028850601489901713	-0.03198901633768722	-0.02704862289046249
404.0	-0.03142166423819512	-0.03148417153736804	-0.03200794542337093	-0.03361565589376908	-0.031252653382553466
405.0	-0.03192431383121309	-0.032569657537265255	-0.03377724360620133	-0.03447463538596177	-0.03317119404267392
406.0	-0.03397666534536566	-0.03354428866309166	-0.03464895067288814	-0.03424102334300996	-0.03405048212138446
407.0	-0.034801637440865826	-0.03492916703720531	-0.036252715273971364	-0.03532253285359304	-0.03469937886435437
408.0	-0.037021480763332636	-0.03790005930945911	-0.03827920168365363	-0.038172402259036155	-0.037600409308317
409.0	-0.037934763656556146	-0.03802036741708729	-0.0392628063091386	-0.03805845023820883	-0.03763702311736548
410.0	-0.039614417216704646	-0.03962488515858473	-0.04090045084144446	-0.03978200420875521	-0.039186305117455196
411.0	-0.041090362440829364	-0.04074358218799355	-0.0415294298098982	-0.04117470469035076	-0.03967365857150959
412.0	-0.0415757407660594	-0.04174945674388758	-0.04164877047749883	-0.04114745197855305	-0.041791289750707415
413.0	-0.04221557740458713	-0.042298699603173916	-0.04313434121253671	-0.04218806046036087	-0.041571135629093335
414.0	-0.04326671030211248	-0.04399971764408458	-0.04383337334924241	-0.043698223426615584	-0.04314074262529174
415.0	-0.04393689752073242	-0.044511616185962215	-0.044682059176832	-0.04397302907276518	-0.04223337504829035
416.0	-0.045309202251939726	-0.04622628629129128	-0.046477564207023876	-0.04542143847424003	-0.04443617898053804
417.0	-0.045858254884152655	-0.04623569149679202	-0.04651311945485444	-0.04548785435469646	-0.04501515424718602
418.0	-0.045778413980430636	-0.04656671781108884	-0.047293951423210835	-0.04576473607682811	-0.045734260148403386
419.0	-0.04798115394246067	-0.04778424309771403	-0.04787979724437458	-0.04690011021981134	-0.04555593126716508
420.0	-0.04896608306043058	-0.049578647598657065	-0.04918190664193315	-0.04754067845926067	-0.04765651721222496
421.0	-0.048984866372612686	-0.049631807587967994	-0.04949439323380641	-0.048239293112662625	-0.047801850205660544
422.0	-0.04876141416379653	-0.04922258525463322	-0.04920346383334508	-0.04801871963593351	-0.04788071344630646
423.0	-0.04972234270997444	-0.05038443329983906	-0.05032897879257963	-0.049692373572606266	-0.048607482653053015
424.0	-0.049771377403886874	-0.05037748321087403	-0.05077021646399363	-0.05018577372224347	-0.04939792869367214
425.0	-0.05024484121228696	-0.05061906541243387	-0.05103263294470373	-0.050184176999881126	-0.04963980852730518
426.0	-0.05117988075324022	-0.050961123061866065	-0.05178652479899575	-0.05115710170320545	-0.0503928718962918
427.0	-0.052850257486719156	-0.05273109832230465	-0.053749225875611935	-0.05282322154516049	-0.05185995806214948
428.0	-0.051776331602441904	-0.052360768759286386	-0.052927800683014406	-0.052082654607803466	-0.051196489902467605
429.0	-0.051422010911986345	-0.05192014789883443	-0.05245134692308431	-0.05192291104731474	-0.05084361668071419
430.0	-0.05231138171467411	-0.053040699135489346	-0.053825556103038096	-0.05264497625056308	-0.05230645900372313
431.0	-0.05217608632415094	-0.05223885059355147	-0.053190804064398856	-0.05288698863527913	-0.051868829532690904
432.0	-0.051289352102633336	-0.0522322793076706	-0.05230960324969429	-0.05188863013176082	-0.05160384819136998
433.0	-0.05197230268117491	-0.05285002446720978	-0.053633001637050516	-0.052811336459024597	-0.05206571838597496
434.0	-0.052129217841491535	-0.05276930871669215	-0.05353266710683373	-0.053123171581875156	-0.05262625902227079
435.0	-0.051962715973447975	-0.052491029664473006	-0.05410541649796651	-0.053491715912254385	-0.052805938468428563
436.0	-0.051327324219319764	-0.05159725282999845	-0.05367443186540796	-0.05250653375855543	-0.05227625486105561
437.0	-0.05164824461195636	-0.052390409955880915	-0.053512698492958775	-0.052601987587612434	-0.05207878434519858
438.0	-0.05198378990122425	-0.05149646057142177	-0.05375090173137102	-0.05262619962467985	-0.0526843573387272
439.0	-0.05083391637401003	-0.05144199423822439	-0.05317594336014258	-0.05227532349100738	-0.05173617086447785
440.0	-0.05110213710072102	-0.05169313695363563	-0.05315227708901473	-0.05227534718654732	-0.051712523666952004
441.0	-0.05083912195418873	-0.051592094375082435	-0.05319742868644774	-0.05247032092806757	-0.05165052710838302
442.0	-0.05060288096239539	-0.05073059161206921	-0.052441172191600306	-0.05137899663217968	-0.05131064403845935
443.0	-0.04904498288540213	-0.05052620174952319	-0.05172901004878974	-0.05079715502822381	-0.05047579417061219
444.0	-0.04947648928218532	-0.05081616942115757	-0.05227233474456814	-0.05151867441261468	-0.0506157174591552
445.0	-0.048640723975267273	-0.05016441409860147	-0.05182555910999124	-0.05044853724854325	-0.05011513735619033
446.0	-0.04886670126620889	-0.049205509635263996	-0.0512963452915021	-0.05067639955367202	-0.050753053299917424
447.0	-0.047879008144258876	-0.049143349084288905	-0.05115918183145445	-0.05019786808966128	-0.04938137751703403
448.0	-0.04775715456033781	-0.049171347455643555	-0.05102105741115555	-0.05010386649663847	-0.049021093513508744
449.0	-0.04623354567935766	-0.04783912678551273	-0.05023195912536689	-0.04845543938395968	-0.0482375396353416
450.0	-0.046224320351532	-0.04769398420273666	-0.05054448400660634	-0.049191684728776816	-0.0489250631394724
451.0	-0.045280757215993304	-0.04696936963851327	-0.04890540475873886	-0.04807070634072869	-0.04698588068789255
452.0	-0.044129321347197534	-0.04624039455110004	-0.04805246239527464	-0.04743030772655822	-0.046624618920888844
453.0	-0.042533064342733594	-0.044210914206318744	-0.046644938690974594	-0.045725707150645015	-0.04524686303323294
454.0	-0.042693275259207825	-0.04471898561412926	-0.04718343869592344	-0.04608571489067723	-0.04588131896909407
455.0	-0.040747435476523756	-0.04324399065488473	-0.0460296147687925	-0.04518657382360596	-0.044141951693957536
456.0	-0.04030251399885941	-0.04270974603387176	-0.04562582259286701	-0.04480385244399254	-0.043998365207905364
457.0	-0.039344490461939725	-0.04093682545327452	-0.04368136395704189	-0.0426407408768664	-0.04231502895689654
458.0	-0.03926605862937179	-0.041380359080777564	-0.04447398232670699	-0.04306579712201763	-0.04285174584331355
459.0	-0.03830053214132055	-0.04043811973162019	-0.04259552739561993	-0.041624998744774884	-0.04131419944947067
460.0	-0.03827723534993832	-0.04016185997031593	-0.042495922464173004	-0.04112802465898657	-0.04081996771552408
461.0	-0.036545673027675106	-0.03839294340915675	-0.04104798983037252	-0.03981773993677679	-0.03950242577352916
462.0	-0.03657671296170573	-0.03906329464225334	-0.04079526758544466	-0.040086153181115664	-0.03947384309147974
463.0	-0.034922697293763565	-0.03705436666709089	-0.03894842431067374	-0.037927868463894975	-0.03754377461409986
464.0	-0.03483080582181253	-0.03702314276928827	-0.038848218545332054	-0.03830695671337133	-0.03779468612407281
465.0	-0.03313345892583654	-0.03527519848658546	-0.03754334486243971	-0.036011097518007226	-0.03581197423495599
466.0	-0.032709615120181265	-0.03476630401177916	-0.03720006017319865	-0.036072530930222634	-0.03571734605504763
467.0	-0.032658479225045646	-0.03429705472030714	-0.036579990116046464	-0.03526987713895799	-0.03488732443421037
468.0	-0.031883098313168996	-0.03345107985524587	-0.03635885628537373	-0.03531544094914324	-0.034081575522382106
469.0	-0.02991435343925838	-0.03167284998301326	-0.03399686860058559	-0.03298737251023151	-0.032669783317581844
470.0	-0.0302264638688518	-0.03183535792707917	-0.034024734920001395	-0.0329346579875197	-0.032485446757886574
471.0	-0.02848182603682804	-0.03018860522169029	-0.03177895322318125	-0.030614776926667173	-0.030551836280165782
472.0	-0.027480048605876876	-0.029868269224085774	-0.030481447413122215	-0.029825321610833785	-0.029917312523075223
473.0	-0.026771987467683032	-0.028313733221872372	-0.029732819658782883	-0.028434945211239796	-0.028373896473141178
474.0	-0.025741754558134586	-0.02796680314285694	-0.029006935458599562	-0.028420550468645025	-0.027876471024678533
475.0	-0.024880986392696966	-0.025947731309243594	-0.02806509262643649	-0.02689318694966402	-0.026768858885564645
476.0	-0.0240072499865444	-0.02569991488431147	-0.027780388587674853	-0.02648467421724133	-0.02555906912348284
477.0	-0.02322555148923542	-0.024651516297211885	-0.026359437567051076	-0.025528257095779744	-0.024762593109108007
478.0	-0.021822026413274707	-0.023592584477833117	-0.02525105759527924	-0.02380008125216003	-0.02364760523331695
479.0	-0.020378161773581826	-0.022112835266435225	-0.02302557197696214	-0.02221656790153441	-0.022228326225901037
480.0	-0.019556764484780245	-0.02152412674614909	-0.02177735850491122	-0.021491358298802884	-0.021624684330265466
481.0	-0.01872843699351878	-0.020231577435135137	-0.021207435053953526	-0.02025821188190239	-0.02015999177116851
482.0	-0.017808568857077517	-0.019311190145989504	-0.020158653775728702	-0.019457145573481792	-0.019448582454739325
483.0	-0.01693330325900961	-0.01829577781720246	-0.019577869532355897	-0.018580450873979592	-0.01852746722623569
484.0	-0.01667509077565826	-0.017220106812265937	-0.018756864100093192	-0.01791790875716185	-0.01753351128844263
485.0	-0.01539842265429577	-0.016505036720219437	-0.01735133033474468	-0.016569004499327907	-0.016347489258693785
486.0	-0.015175513225368264	-0.01595775758992182	-0.017230220932556675	-0.015660434293626863	-0.0155531188901025
487.0	-0.013282599810525673	-0.014419918381463255	-0.01494817524591664	-0.014602393459719592	-0.014378193674598834
488.0	-0.011989442018052748	-0.013037363511687862	-0.013825613161007246	-0.013448448494455817	-0.013822822891459745
489.0	-0.011728400983257049	-0.012495002257247388	-0.013167951801652056	-0.012412433243235797	-0.01205542784789675
490.0	-0.010705044318054694	-0.011786906383378726	-0.012767138486446311	-0.011658250951041454	-0.011686081807007092
491.0	-0.01012982273608834	-0.010680021727869516	-0.011458694428808347	-0.010749027871532134	-0.010535854088981922
492.0	-0.008922235531859996	-0.009765778354836219	-0.010091469420080471	-0.010060082876656643	-0.009850768165074346
493.0	-0.0083548069371469	-0.009468228955055263	-0.009922406065760035	-0.009482481401778969	-0.009473851645665832
494.0	-0.007217325560177576	-0.008250012956165145	-0.009261614270138213	-0.008397942828249733	-0.008660967031179365
495.0	-0.006380467222880007	-0.007447405711470001	-0.007739309207181294	-0.0072422724038647785	-0.007289659292358032
496.0	-0.006128689499268409	-0.006918881195887613	-0.007798081621472923	-0.007108388062188766	-0.007590049848170994
497.0	-0.005225359798780758	-0.006303153812156553	-0.006939842880979918	-0.006119370298400196	-0.006336912834456809
498.0	-0.004992227225839665	-0.005573931494249007	-0.00645456438868258	-0.0057177789196178955	-0.006119408358650908
499.0	-0.004146247819789377	-0.004557504888256586	-0.005360697326027921	-0.004859324270090216	-0.0051216476021426136
500.0	-0.0036935571219048253	-0.004411430119863551	-0.0050634823867831205	-0.0046534988323436695	-0.004563474022661688
501.0	-0.0030445685033206674	-0.003632847864575227	-0.003934679614751291	-0.003611812277798639	-0.00370438986248238
502.0	-0.002533781594403218	-0.0028361900750298995	-0.003844071318623408	-0.0030727515480804043	-0.00363589634467317
503.0	-0.0022668466419184727	-0.0027828450563725437	-0.0031384645967454804	-0.003190258250343757	-0.0031564413510814507
504.0	-0.001666251897389881	-0.002070294111910522	-0.0025740717640619403	-0.0020161342180414995	-0.0022521017905578243
505.0	-0.001231156051625313	-0.001547383183681186	-0.0020933929549246796	-0.001814131394204674	-0.0016893764584433317
506.0	-0.0010992802813335133	-0.0011816237704834055	-0.001872413914220469	-0.0012089938788011848	-0.001690782677733782
507.0	-0.00022889321457869707	-0.00041038419485314595	-0.0009274122614657299	-6.378220018896085e-05	-0.0006453519052470171
508.0	0.0004820181894503908	-0.00021819651453158767	-0.0003520818682819044	-8.656164921670156e-05	-0.0001521729553966649
509.0	0.001088256370960009	0.00023040488136102745	0.00026505403415886554	0.0006270773676085038	0.0005117939847086629
510.0	0.0012604526228541149	0.0007687503500949074	0.0004251963640745455	0.0008863244850653979	0.0003312439628892785
511.0	0.001841725233047991	0.0010592424532248792	0.0008207124050105858	0.0014898704644812385	0.001005210356389335
512.0	0.002076686856445144	0.0012710669338049155	0.0010401516917178048	0.001725687079748397	0.00169790825301648
513.0	0.0025987509236072535	0.0016785854734301874	0.0014416800681234514	0.001884865406344558	0.002040493920808245
514.0	0.0028644609975358756	0.0021451672933910358	0.002044467665423323	0.002404434463311214	0.0018604180377347142
515.0	0.0034776944099769963	0.00253603039492707	0.002704262105992539	0.003188574696888202	0.002540271562305131
516.0	0.0034401199201219076	0.0028386890411624213	0.00261096582709223	0.003526962376326577	0.0032270958788915786
517.0	0.004200786127112225	0.0037493542830580187	0.0037643215327057855	0.004078384683302382	0.0038106628384186715
518.0	0.003978852290084352	0.0035504770499057356	0.0036360549653763397	0.004113300952434632	0.0034502542369422716
519.0	0.004152897043885602	0.00382627111878965	0.003937694070942268	0.004494714386234238	0.0038543706619198885
520.0	0.0042547791384838	0.004097889986464491	0.0038192990653593516	0.004457411692883346	0.00406700495956929
521.0	0.004906429738934324	0.004744400225251163	0.004728626190435083	0.005217293497507737	0.004732741424605728
522.0	0.004967857586958492	0.0046341940042196415	0.004332487333547569	0.005118709420585545	0.004766753852951445
523.0	0.005110168794616016	0.0045946022638711885	0.0053230255359097796	0.00569217997801108	0.005363720678153934
524.0	0.0053883882630777055	0.004688857409339837	0.005627743164523211	0.00573021842241705	0.00514566313447611
525.0	0.006048933356482936	0.005613584193105239	0.005908024685501484	0.00640229873957267	0.006204608570156868
526.0	0.005578938888113956	0.005705873934076273	0.005791371852321976	0.006082287291239967	0.00567431166337311
527.0	0.00619161123619044	0.006001968929507672	0.006485869727954667	0.006788232631026899	0.0064858632602022796
528.0	0.00623333276712334	0.005841031384532071	0.006586192936734938	0.006946509110813969	0.006533631841422493
529.0	0.006928169676580353	0.0064586737109058	0.007227564645895037	0.007438818974278836	0.0071950871229823875
530.0	0.006731304737103978	0.006676695610965293	0.007202137264145891	0.007625026076623687	0.006940702673884354
531.0	0.007124972477762039	0.006793045643387661	0.007430728726599691	0.00781098646055565	0.007474213343778561
532.0	0.00690010068187532	0.006671967433706591	0.007020827970632965	0.007514180806483019	0.007560808121478585
533.0	0.007046869302931064	0.007246941505688267	0.007945754971820358	0.008338329511856906	0.007969590113883792
534.0	0.0072941109337168915	0.007087554456444565	0.007976652421220042	0.008516776165634074	0.007905561235224174
535.0	0.007412496306879126	0.007594559156689173	0.008275466914396422	0.008768030374197964	0.008173880222974833
536.0	0.007248923571756484	0.007384494115486089	0.008559501477159948	0.008923175212511318	0.008330133055185623
537.0	0.007995350509278572	0.007848548199668839	0.008995592538179865	0.009335795714094586	0.009050322756813382
538.0	0.007825193342513411	0.008045225633112217	0.009107719926618003	0.009390248728388948	0.008829974972172415
539.0	0.007919474076735388	0.008006156529965704	0.00913360581466187	0.009536227814004273	0.009052998497935
540.0	0.008195126378164733	0.008030157380557228	0.008910249206242641	0.00960701480594641	0.008971902375902199
541.0	0.007952168209709738	0.008455277887652123	0.009567401143177374	0.009763122901408823	0.009338873667948852
542.0	0.008442100217015368	0.008515103913081575	0.00982233789365058	0.010162714872439683	0.009718477727760213
543.0	0.008282694355727776	0.008968838224527806	0.009969501806327477	0.01033449986210465	0.009942527390622914
544.0	0.008582305936736203	0.00863020391823227	0.010476322603747057	0.010605462128183488	0.010149294373531013
545.0	0.008777036863614928	0.008830403801098044	0.010386467498695198	0.01075708680382029	0.010288054599513121
546.0	0.008502413428355877	0.008920495028289746	0.010536139851503675	0.010993148367891016	0.009988324449021917
547.0	0.008681454745928007	0.009240519686475934	0.010332164660807948	0.010956866337536177	0.010402907717461472
548.0	0.008267711744263129	0.009022195248049876	0.010032060021493337	0.010549403000205926	0.01031306595011908
549.0	0.008586688251592282	0.009111013494688857	0.010975344900360095	0.01126165361027687	0.010698208966074629
550.0	0.008602038266282107	0.009120136375725145	0.01057919227127399	0.010901006662455777	0.010475630718003521
551.0	0.008773047554641148	0.009257719052831173	0.011275353664649376	0.011702653259551365	0.011209726226793516
552.0	0.008926321023066947	0.0091310040190929	0.011364913088921373	0.011552180486113362	0.01118092049045768
553.0	0.00903347950473088	0.009701304105346385	0.011500152588819756	0.011697670472954504	0.011233595193019093
554.0	0.008775097671909045	0.009484548469578814	0.011402299944181427	0.01166490149231014	0.010936145703275658
555.0	0.008976834946818685	0.009916868792408768	0.011594606992010705	0.01204567377406668	0.011275040386777244
556.0	0.009391664280878901	0.0095722814402299	0.011965818038092178	0.012465580817814098	0.011464370317096436
557.0	0.009441591314232096	0.010038658154852704	0.011826119673717318	0.012279608610036274	0.011675870126255964
558.0	0.009423049162229066	0.010298230616591677	0.01205635351515013	0.01247413944642967	0.011664637490786197
559.0	0.009627778225876744	0.01026848385212128	0.012357485452466593	0.012895260588850163	0.012366921895422536
560.0	0.00898567024376371	0.009839269983999428	0.012017291164005463	0.012435844065660394	0.011750163627374605
561.0	0.009343282764114868	0.010485255675274915	0.012715626436610769	0.012964611312927709	0.012207725265765267
562.0	0.009004727153177704	0.010793195791829767	0.012442804061821949	0.012904222311503644	0.012121491145524672
563.0	0.00929909568727766	0.010734892336044598	0.012942628718568197	0.013276059156797	0.01270822948913797
564.0	0.009686586938340708	0.010952951379866805	0.012917427965664557	0.013395064808273802	0.012883112285934686
565.0	0.009887890524352431	0.011273285414354657	0.013445022055932935	0.013979827462128511	0.013509270580089872
566.0	0.009481310219538084	0.01113550732709187	0.013195078506116013	0.013579750093413267	0.01338734902766965
567.0	0.009815214171664036	0.011133433820180593	0.013305628238534624	0.013803725093164264	0.013599705212579352
568.0	0.009459033817498718	0.010745631287703792	0.013202879334897777	0.013419864245220958	0.012836454882659313
569.0	0.009491364691158698	0.011179528489559956	0.013571628707103326	0.01405136094511885	0.013454811740677489
570.0	0.009812901184707009	0.011543350049184494	0.013625532747327833	0.01427482836283786	0.013306665133296012
571.0	0.009928361392780631	0.01147057118429173	0.014088385285130036	0.01475407595512858	0.013404646868965924
572.0	0.009846621030645236	0.01100071815391839	0.013637467617566923	0.014202806107230482	0.013236176256010443
573.0	0.009197287135356101	0.011471259972896301	0.013523623923246927	0.014072239086742612	0.013250618665969681
574.0	0.009560254354584716	0.010972089776246582	0.013311971772944924	0.013764664411946136	0.012842155155878528
575.0	0.009382609067538388	0.010958328467936979	0.013378970365719375	0.013924255561610845	0.013743601273390338
576.0	0.009103718678863715	0.010564459012505243	0.013198573586890722	0.014038162743300818	0.012810122217481776
577.0	0.009347492674759393	0.010830893608265309	0.013694263476844345	0.013959601207156861	0.013468668744035754
578.0	0.00978865930203203	0.011685011503917103	0.01387443783394663	0.014529468892272615	0.013646250495075585
579.0	0.009970194538863364	0.011479602460647137	0.013943011484674086	0.014706083844157305	0.01399879051454095
580.0	0.00968857993909383	0.01075283629127747	0.01382821161681934	0.014460610617018817	0.013440198130377942
581.0	0.009726800372699552	0.011580473026910095	0.014633575867346597	0.014935663349810311	0.014224469094700157
582.0	0.00968304839320407	0.011656459498715264	0.013977834839371121	0.01444909693769551	0.013586510258479862
583.0	0.00951059014961044	0.011696999822280221	0.01372261488698969	0.014871951228194409	0.013491744526285649
584.0	0.009710002427611665	0.011502775106123414	0.013901425147809055	0.015128058317091657	0.013627711884746518
585.0	0.009183189203398223	0.011205521220240443	0.013674445095196547	0.013919060640735219	0.013535968076645323
586.0	0.009437461567769697	0.011748464347418185	0.013810359579480845	0.014171240164354648	0.013049920969788893
587.0	0.009489220207986298	0.011288954303449275	0.013324913018233209	0.014119315614644403	0.013321460717904911
588.0	0.009014130936967202	0.011344143988404231	0.01340138065123688	0.014134440101501018	0.012493940537322801
589.0	0.008743787522594533	0.010835947471143595	0.013052751600951542	0.013513145897413053	0.012721331191134931
590.0	0.009504213292152687	0.01123419643412092	0.013234375207897041	0.013635951632397012	0.013066528381239019
591.0	0.009496095249155808	0.011027701256463844	0.013765641978068064	0.014030473132226126	0.013785926211994967
592.0	0.008882270053951584	0.010635040627018788	0.012827511264500028	0.01355907963959701	0.012160183454868722
593.0	0.009246079243387478	0.011191663151040141	0.013353263042683408	0.013783285998192561	0.013188220889271986
594.0	0.009119743112154681	0.011635224272907242	0.01354404916535685	0.014152990594627091	0.01255994043994977
595.0	0.00897932159873526	0.010411147049649776	0.013020550852137752	0.013972993711492295	0.012720925339638124
596.0	0.008990007369048654	0.011045125906104626	0.01205338609727527	0.012881454336910358	0.012233570160904757
597.0	0.00966765218236966	0.010882963436153798	0.013235602078754837	0.013781834510337836	0.012328174229380654
598.0	0.009059871992699685	0.011278088062038463	0.013158059344681002	0.013773545335657913	0.01222391473840361
599.0	0.009719649570359961	0.010754142550794274	0.0132757080539661	0.014374754428158946	0.012264631163375147
600.0	0.00835943191668421	0.010795349450463754	0.0125229984430699	0.013878567209173234	0.01235733494192601
601.0	0.009850007642723875	0.010693529133706327	0.01328773572993213	0.0139459344082304	0.01264176438605483
602.0	0.00960321441297099	0.011282805382962406	0.012609154058283882	0.013130691642206168	0.012483390167109101
603.0	0.009747579538694841	0.010719707803616313	0.012980997708286257	0.013108393580246706	0.012643255914150301
604.0	0.009059724994561959	0.01063385062453491	0.012845521449997552	0.013111085545710183	0.011169954304329509
605.0	0.00869583842167529	0.010559182283502165	0.012690117460103324	0.012733904404517864	0.011675820843304143
606.0	0.0091021675372928	0.010958035312251894	0.01187059639483844	0.01344220285434729	0.01215806458081874
607.0	0.00853115528866184	0.010197715185683432	0.012612734870941006	0.013025969875069116	0.012197220582889804
608.0	0.00904325668756686	0.01133520307537893	0.011289796798318	0.012585217903307114	0.01158380911860585
609.0	0.008523556746323047	0.010324715575324323	0.01223092193963844	0.012491528276532491	0.01169829355718181
610.0	0.008930806017014034	0.010158427461645076	0.011465289153405408	0.012726860640276477	0.011033844775346828
611.0	0.008035533377314377	0.00964934767306294	0.011533947163814737	0.012102015240616907	0.011193171403213872
612.0	0.00810555498900268	0.009796473228016111	0.011704262384880785	0.012333960454666667	0.010295956802723454
613.0	0.008439899732736345	0.009951111311207668	0.011747774774138894	0.012068163882109914	0.01061345208661692
614.0	0.008595897403170008	0.009693579119513015	0.010886115803746422	0.012272196836060723	0.010295340251302711
615.0	0.00830980877890437	0.0101569460970736	0.011744089420788424	0.01271744094901962	0.01146019553065538
616.0	0.008617199639058364	0.010136448875991947	0.010953046305734375	0.011490618475067976	0.0100846769458829
617.0	0.008046455139211208	0.009076388476748336	0.01059837776971177	0.011424817796554623	0.010324632797025139
618.0	0.008247632812909168	0.009916213139000629	0.011190611284263406	0.011729121943461327	0.010389622219406558
619.0	0.007943960881979736	0.009327258935356752	0.010105337477789744	0.011228810167185651	0.010119890848850262
620.0	0.008164511084641515	0.009464342503043685	0.011170118586565688	0.011827789807405264	0.009638103912843893
621.0	0.008066979851923584	0.008556479005491257	0.01043090403925902	0.011001637634143722	0.009769445271502116
622.0	0.00824925136961762	0.00882100186404998	0.010957368612894274	0.011177052574407414	0.009590882177311244
623.0	0.008443913798129062	0.009144962187222725	0.01064852107774443	0.01137034512713165	0.01011500999279256
624.0	0.008820490145801182	0.009545548002224173	0.010926719369924058	0.011054043434430479	0.00977431850002647
625.0	0.008428621067225918	0.00907977864701494	0.010808605752068684	0.010725722565647512	0.009843037010478709
626.0	0.008904568264783362	0.01000022802988186	0.010695213620755225	0.011329373778905086	0.009533943124216853
627.0	0.008856791843554977	0.00900977401947532	0.011014487187779119	0.011254203172172584	0.010216821744612668
628.0	0.008531820868535425	0.00870642786433431	0.009814366328729469	0.01035691153513053	0.009039095205355136
629.0	0.008133195834133834	0.008826945437528119	0.00992603239014387	0.010716593928627772	0.009344396884991833
630.0	0.009981308338497035	0.008519431712053797	0.010696949680573442	0.010899915242045324	0.008863128387533635
631.0	0.00854002270019037	0.00836776584868422	0.009565254407072024	0.010711574330917772	0.009277904807691183
632.0	0.009626134320950223	0.009163433916311588	0.01080604854462506	0.010259646865405404	0.009801276015863987
633.0	0.0073268236685928075	0.008881035014225479	0.009341258901508574	0.010211420632699503	0.00922606529869852
634.0	0.008407793472911413	0.007941958969643153	0.009268089916564075	0.009840623995749757	0.008208277384392443
635.0	0.00922009289952077	0.008996971491752971	0.01019530221714801	0.010616936449273787	0.008437305035357029
636.0	0.008321214658476824	0.008148338103494341	0.008955031444023504	0.009886588705874588	0.007686324893627927
637.0	0.007804219884750536	0.008352121153131976	0.009881183908716163	0.009909997771300442	0.009400681971807724
638.0	0.009395260818498202	0.008872864598514999	0.010113259329897989	0.010768055148725928	0.00922109060506523
639.0	0.008103403109255431	0.007564623256297712	0.008759749405086323	0.010281371333495517	0.008306011206264605
640.0	0.007727396356245047	0.006923141556195016	0.008241367143156755	0.00826188060554657	0.0067626593428889385
641.0	0.008271838256270375	0.008018268787773843	0.008971284807244616	0.008902719799420766	0.008153455683224689
642.0	0.007975606653980638	0.007382529690745042	0.0085357971753097	0.009338068942277927	0.007940947586788805
643.0	0.00871840243582202	0.008083865011017908	0.010114147395132025	0.010457185508132363	0.00920634924270576
644.0	0.008360102848127736	0.008492895564694704	0.009170190166705323	0.010203913183746565	0.008078670995505908
645.0	0.007411025018619921	0.007812993859937483	0.008799144321888492	0.009883034665535364	0.00798698449755143
646.0	0.009005095794822449	0.008373887209817925	0.008928149852204114	0.010013686722780519	0.00816019166567711
647.0	0.008546792260321517	0.007876005285871984	0.009690474796170414	0.009550335154363054	0.00940416203153065
648.0	0.007500965439897461	0.00739829407815661	0.007975651016068543	0.009190800482731885	0.007622889732535231
649.0	0.008760944260167224	0.008493217561147008	0.009000079507050377	0.009583600081985845	0.008756292327740075
650.0	0.008166786146281583	0.007921091594644367	0.008296725918003987	0.009595752182063851	0.0076988081733836075
651.0	0.008158169691805318	0.007643660084362429	0.0088359591335993	0.009022685748505505	0.007774363117769927
652.0	0.007911123470371265	0.007017661270267752	0.0081307709457501	0.009705519988327993	0.0077985290353198245
653.0	0.006370536591396237	0.006398362713897314	0.007923733618689966	0.008620422859603776	0.007763185501246465
654.0	0.00810669091928976	0.007392648443726366	0.007985168957872317	0.00843313855252175	0.008060840481687884
655.0	0.007001113333231535	0.006431682580592917	0.007387193789798436	0.00836015857360903	0.006535823536585427
656.0	0.006542528784138628	0.006385142726092639	0.007215655230550026	0.008417074280114898	0.006748654851882179
657.0	0.006967745169644942	0.0072769177862964905	0.008161553007859043	0.008304396719521807	0.0074898471963874705
658.0	0.007476639540808102	0.006886552901362596	0.008261648735262906	0.009406501085650446	0.007662288450749378
659.0	0.008034937374166013	0.007049264042979053	0.008497845585098467	0.008888358034079093	0.00727720179111205
660.0	0.007340110675781491	0.005825958631395584	0.007619632660061405	0.008177085561397457	0.006287878108531954
661.0	0.006790415565168496	0.007031332591435894	0.008166494089496943	0.007915538590014969	0.0070569530719735195
662.0	0.007425416558099816	0.00596290747516077	0.008425446413667145	0.008755491561361916	0.007358232754894072
663.0	0.008073737791086916	0.0069880714720539795	0.008631438739363964	0.009099612542538152	0.007678728443517265
664.0	0.006897139410199319	0.006159117507401065	0.007458356086747411	0.008178038895731378	0.006468955084444527
665.0	0.006908247337420055	0.006370200641685712	0.007573466092187728	0.00791604176625324	0.00582111444176953
666.0	0.007666188275671217	0.007080924872739838	0.008109525224058153	0.0090074225053722	0.007261749043220044
667.0	0.006211321894424037	0.004925169885386291	0.00672495131503569	0.006981225151385956	0.006010391800059023
668.0	0.005711683208425108	0.004674230515079022	0.0064579402907258355	0.0065558463648673435	0.004888723661192933
669.0	0.007006014073218482	0.006415780947103229	0.00849019160840328	0.008006868007690703	0.007163513166460787
670.0	0.006969788200851558	0.004520149629781543	0.006573084559426804	0.007213353217823375	0.005381951073898946
671.0	0.007208243232330744	0.005880705466532969	0.007493182206306459	0.00841393987131944	0.006596870407610905
672.0	0.006714772066163	0.005400025804542435	0.007401177640119994	0.007386355964038625	0.006790205010264042
673.0	0.006148114168757511	0.005293618824713802	0.007253982120261077	0.007344907142766463	0.005842887337812592
674.0	0.006502077697719104	0.004925115322606573	0.0069321622442500225	0.007989625342128197	0.005890596744068391
675.0	0.006823751023031425	0.005319908569980273	0.006897883897235559	0.007716774736596376	0.005967496403803969
676.0	0.007032565026281874	0.004965606655374631	0.006646063775035189	0.006938250876535136	0.006268143006784949
677.0	0.00636347432464534	0.005442200235856409	0.007236440326717285	0.00720268295036524	0.006523361630774125
678.0	0.006854777089984439	0.004949585699994219	0.0070757947854301895	0.007585553391752702	0.005561924859442846
679.0	0.006503426916122457	0.0052329602948498494	0.006609703982735768	0.006401549513519422	0.0053721188308266865
680.0	0.006379396655027642	0.004900942412053653	0.006633519438826047	0.007180987706336046	0.005897606234428079
681.0	0.006270443859181154	0.005676223741616264	0.0063085442833377275	0.0064124131025613635	0.005335469362159147
682.0	0.006590385310562998	0.005787508646447936	0.0068817032398541395	0.006638657142368233	0.005705163553784024
683.0	0.006335692466135009	0.005469747561080762	0.007365562573960759	0.0064596080462907025	0.006340942214574769
684.0	0.006307291053639876	0.005235774312660607	0.006280554722270734	0.007029353578260764	0.006002192451879042
685.0	0.006663651521427594	0.005889194094460466	0.007083066858297638	0.008148906644962855	0.006909971073475633
686.0	0.007287271225366019	0.0056034160193515125	0.0067925552007453574	0.007494252103684023	0.006466861501204399
687.0	0.006685716627530378	0.0056554964905335325	0.0073517637864561275	0.007013408485536028	0.006198633324723087
688.0	0.0059798469822478755	0.004814279399571117	0.006049696181740267	0.0068173459390196405	0.005085630473987689
689.0	0.005996275863913825	0.006054436147069486	0.006684814757221775	0.007001566447460093	0.005775967240290331
690.0	0.006214037368702323	0.005538307607396697	0.006542409229707727	0.006588961372459355	0.005504995817496745
691.0	0.006628513314967514	0.005433093251847496	0.006708606181040616	0.006820689607075381	0.0062821016443390465
692.0	0.005520131163223626	0.004678997287969307	0.006152999206863174	0.0065621700097289746	0.005604160791913522
693.0	0.004979137933317689	0.005123259350231626	0.005770200057149882	0.006073640113029487	0.005342025818103628
694.0	0.006411996332301401	0.0057375234296957595	0.0061825509743304525	0.006918320884507868	0.005494629633734728
695.0	0.0060098495372448565	0.005723581555317416	0.006342629147021872	0.006545803873775303	0.005663267209670689
696.0	0.005466646823141554	0.0042881590838815915	0.0054937995420802225	0.005530951783240785	0.004657202260210749
697.0	0.005938310305212169	0.00589092051497874	0.00622005595789178	0.006250353920238573	0.005420348543026787
698.0	0.006279672478778641	0.005362885684543093	0.005975598711958272	0.0061453172063811205	0.004925305799413771
699.0	0.005921249045018712	0.005200638188943487	0.006063967937101297	0.00606315117948707	0.005648093252341286
700.0	0.006270404749606673	0.004948277534152786	0.005753438931502592	0.006485296799847156	0.005406627837378118
701.0	0.006035829168040886	0.005323154119045396	0.006065386614143479	0.006104646458540288	0.005685173466696038
702.0	0.006010723688661542	0.004895061116027115	0.006007330704373659	0.006326695160079829	0.005137579558459584
703.0	0.0061278708293316	0.005233538331046281	0.006008396916539129	0.006204948289449428	0.005690486441505263
704.0	0.005904905264360002	0.004871626264282035	0.005317406815030615	0.006073630128838965	0.005174748357547935
705.0	0.006165208197299268	0.0059228250350981965	0.006427695479935636	0.006219631499882769	0.005399936172100899
706.0	0.0062742447954936735	0.005234796437052578	0.005794965644567846	0.006175930964219392	0.005118435528273801
707.0	0.0062309449528880284	0.005510205760708604	0.005707286293634766	0.006008161000431577	0.005364418676393516
708.0	0.005505003495854613	0.0051895532038045665	0.005383781597936512	0.005877024303727583	0.004157147546125524
709.0	0.006018907365628002	0.005305556906489714	0.005836522364741352	0.005752441929103944	0.0051993178637745555
710.0	0.006329982579679605	0.005667433773365689	0.006187788639733823	0.006240254278252902	0.005146084804979103
711.0	0.00567025199713272	0.005473506356508661	0.005441010728868411	0.0059873613400437484	0.0049771454490762715
712.0	0.005313801618952723	0.004994526332167765	0.005314427498119898	0.005913354337199635	0.004813672667260185
713.0	0.005356271836355036	0.005065898059497686	0.005571411917182118	0.0057725695509737735	0.005198843052185467
714.0	0.005964569084423649	0.004943120380578348	0.005831565448809092	0.005525931722006833	0.004831381297910763
715.0	0.005852681293098866	0.005508526476111607	0.005865514215753559	0.005564251394533377	0.004986252840451782
716.0	0.005480674157821275	0.005223505183527757	0.005152862240716303	0.0060769715926392714	0.004656370622484275
717.0	0.005771309079859484	0.0058521277067392335	0.005933240534612214	0.006340318853163115	0.005333555005336993
718.0	0.005726293513677628	0.005362214117056423	0.0054775061624671075	0.0057476642389108	0.005029720333287924
719.0	0.006145144545924037	0.005951910614297492	0.005985743989088822	0.005742242919930999	0.004923186884771731
720.0	0.005894918927329375	0.00490815850177412	0.005797869377291551	0.006235774970260973	0.004599908457985378
721.0	0.005980400393850008	0.0051679497740663265	0.005694709206273524	0.005992075915942435	0.005207005472005168
722.0	0.006300156085303524	0.00562480520910654	0.005778769351117801	0.0060465003427878136	0.004620112870226248
723.0	0.006457233835618216	0.005878335383254749	0.005985012786572999	0.006393145203944512	0.005140837090055974
724.0	0.00594860106828588	0.005181032124910993	0.0049876723185027635	0.005650398051843331	0.004161852911233403
725.0	0.0058579055814843035	0.005285854493610742	0.005399181938672472	0.005386206592771483	0.004474865903128744
726.0	0.006215583445973335	0.005231744970392474	0.005470804935454041	0.005335786763106709	0.0047152715303311514
727.0	0.005631273471765872	0.005531928562151377	0.005341024110332242	0.005200332409221002	0.0050196748343075215
728.0	0.005667727785372024	0.00518209407387096	0.005020960999349635	0.005369080025756922	0.004416959720197134
729.0	0.005776139691746252	0.005434117344946466	0.0055669635097522685	0.005814474048521711	0.004934192334253337
730.0	0.006115475374468527	0.004847562754888954	0.005078453753559857	0.0048882366958240995	0.004216779474060725
731.0	0.0060862634248833505	0.005732627127246462	0.0058899016679505485	0.006128082833832315	0.0052941299167656615
732.0	0.005129121504575009	0.005095681368952615	0.004965327603500866	0.005225977849826746	0.004356183319085053
733.0	0.005395473497165283	0.005443229407708108	0.005596270915288059	0.005550693084362856	0.004653822575442906
734.0	0.005558252607599909	0.005101477101700292	0.005507895123614171	0.005299110615406064	0.004433232797643687
735.0	0.005216334509387983	0.0056210881747518916	0.005386774898236764	0.005449766368923968	0.004779072671561363
736.0	0.004864685279101137	0.004812416537266817	0.004643195112786476	0.004502169360125626	0.004219904109787735
737.0	0.004972537262581808	0.005723664664095106	0.005637488197993708	0.005876235692861916	0.005093164944898568
738.0	0.0048541292211900545	0.005195788975874106	0.005503602989484235	0.005880509066162682	0.0046255718465963705
739.0	0.004854176805758648	0.005323653469506084	0.0054614328150876836	0.005210658771801015	0.004280053785263634
740.0	0.004818359984068773	0.005193971543252857	0.005679388070858974	0.005383292294956908	0.004410047507090738
741.0	0.0046628016290406055	0.005373673725426992	0.00539437880700672	0.005287026500407527	0.004647029055158291
742.0	0.004504508570113372	0.005446690347926762	0.005514859051435422	0.005290105703486077	0.004855267478769812
743.0	0.004483582554927022	0.005287361403547562	0.005343563537763469	0.005154836718938648	0.005023127595129969
744.0	0.0044586171693938035	0.004973592122191726	0.004962560510797477	0.005189678778415294	0.0046152854516551415
745.0	0.004382260487323993	0.00497684375324398	0.005112884652586493	0.004997733342122126	0.004508225950014801
746.0	0.004600117237074858	0.005192218464623771	0.005031379671883731	0.0054435456807455564	0.00469437285974528
747.0	0.004790766337296401	0.005337086761646005	0.005280164394147279	0.005053768820258385	0.0048840972831881435
748.0	0.00453789675705122	0.005062318172534168	0.0049039126569431005	0.004877219528951988	0.004367584837621133
749.0	0.004586567618690239	0.005018492689995873	0.0050773080379720925	0.004938975696172005	0.004592891891164574
750.0	0.004822815633040598	0.005092916362077906	0.005062526165625855	0.004904559939817844	0.004551687018838571
751.0	0.004580018253844537	0.00499242760472267	0.00486185981182085	0.004821922468666619	0.004625787195661754
752.0	0.0044870986971721994	0.004845577614141142	0.004481049546728321	0.00463389145834124	0.004041850833011208
753.0	0.0046336571080329	0.00482402547001752	0.004713311855058207	0.004494532455280744	0.00455012219907636
754.0	0.004863153290135628	0.005000007224183547	0.004894201640044845	0.004997546182752783	0.004772556129437204
755.0	0.004723438546915631	0.004892484554343158	0.004865347569722083	0.004720719948205404	0.004512127031407221
756.0	0.004888521529717951	0.004947697947782718	0.0047415811316812795	0.00481566644844938	0.004413925987635228
757.0	0.004845140699204707	0.005180348596732501	0.005026419254277763	0.004834275160763062	0.004642388825550647
758.0	0.004784441442606379	0.004933477709066458	0.004920093392589822	0.004909786488373647	0.0042988287829585844
759.0	0.004763130348113874	0.004978157070121169	0.004908299572722447	0.004732991042291113	0.004529578676853728
760.0	0.004675387774528897	0.0047617066158206385	0.004612899243776514	0.0047350866741716355	0.004261094667565874
761.0	0.004663643752715618	0.00475321446648223	0.00490387637550949	0.004654810635113139	0.004513658625899869
762.0	0.004741075305137748	0.004963484130533399	0.004779979602678296	0.0046786407934487975	0.0043692874317869885
763.0	0.004719333724600491	0.0049724600864857966	0.005064467583468423	0.004828903755516226	0.00438003178814408
764.0	0.004468514583144664	0.00476241724172171	0.004743646295574027	0.0047441545114433725	0.00445653616289678
765.0	0.0043725772774322914	0.004724755687566795	0.004712917808611137	0.004606406162946999	0.004266245801919513
766.0	0.004298744341402645	0.004750306562158492	0.0048156052664039585	0.0046504811194039795	0.004250031200371929
767.0	0.004393372093116872	0.004859200233238613	0.004896751131713812	0.00474222621633104	0.004632182754816318
768.0	0.00410509047626041	0.0046584463812064355	0.004585506101509696	0.004611449156852936	0.004198761544042776
769.0	0.004242731905176854	0.00495379532563866	0.004799147713738752	0.004751553401876064	0.004504294885604525
770.0	0.004229530159327453	0.004981308263139811	0.004832863626442327	0.004703506470607177	0.004346183644977294
771.0	0.004280912457865597	0.004798043540076601	0.0047927921282189	0.00463663323357144	0.0045014639777555664
772.0	0.004240671077795448	0.004919105174836364	0.004780947822745958	0.004762233038990079	0.004374626380380866
773.0	0.00402244650349443	0.004769230196995267	0.004687404383160505	0.0046010935992948825	0.004324817004045507
774.0	0.004280161693118414	0.005025614833119513	0.004912432695882938	0.004929826220514343	0.004548674865788041
775.0	0.004496707907057306	0.005155509807931992	0.005087354946387717	0.004818864967834734	0.004630735513170164
776.0	0.0045370447473191515	0.005004759975204305	0.004911156522045238	0.004728787200517557	0.004584761838822185
777.0	0.00447120087640793	0.004906118078094611	0.004810672279533528	0.00469048730613694	0.0044846406898327775
778.0	0.004849379344768256	0.005126914416407762	0.00492717962429582	0.004949728028668009	0.004477524170738014
779.0	0.004862674307185476	0.005092014680999288	0.004830094768622147	0.004741846338226966	0.004294632577019477
780.0	0.005367854560037007	0.005079527722501681	0.005017482244878827	0.0049318661468645076	0.004612749016838871
