Time in ps	350.0	440.0	520.0	600.0
0.3499	0.02312055775625071	-0.05080207505486809	0.004024634756688897	0.00938044515242605
0.3999	0.023142263292330937	-0.05081710210465276	0.004030377285126227	0.009421957156079588
0.4499	0.023163727474790428	-0.050831961887304364	0.004036055970305488	0.009463007743907587
0.4999	0.02318495299554959	-0.05084665628285199	0.004041671523430408	0.009503602047833952
0.5499	0.023205942507024038	-0.05086118712936408	0.004047224646131682	0.009543745138858108
0.5999	0.023226698632147956	-0.05087555624447408	0.004052716032241723	0.009583442031620613
0.6499	0.023247223964705067	-0.050889765425614845	0.0040581463678819076	0.009622697685030877
0.6999	0.023267521069652564	-0.05090381645024309	0.004063516331548269	0.009661517002886507
0.7499	0.023287592483441512	-0.05091771107606147	0.004068826594196249	0.009699904834485844
0.7999	0.023307440714333647	-0.050931451041238016	0.004074077819324495	0.009737865975233599
0.8499	0.023327068242714636	-0.05094503806462337	0.0040792706630577375	0.009775405167239865
0.8999	0.02334647752140395	-0.05095847384596533	0.004084405774228739	0.009812527099912382
0.9499	0.023365670975961136	-0.05097176006612127	0.0040894837944593365	0.009849236410542257
0.9999	0.023384651004988863	-0.05098489838726803	0.0040945053582405804	0.00988553768488319
1.0999	0.02342198024787614	-0.05101073788908195	0.004104381619239886	0.009956934213456175
1.1999	0.023458483911050144	-0.051036005283042904	0.004114039493528863	0.010026752362519254
1.2999	0.02349418024301532	-0.05106071321494745	0.004123483808298346	0.010095027020363169
1.3999	0.02352908708891359	-0.051084874051071205	0.004132719284039591	0.01016179230411252
1.4999	0.023563221899440254	-0.051108499884347264	0.0041417505369027415	0.010227081576771529
1.5999	0.023596601739562743	-0.05113160254040812	0.004150582081003173	0.010290927463893023
1.6999	0.023629243297046743	-0.05115419358349407	0.004159218330676855	0.010353361869878945
1.7999	0.023661162890793785	-0.05117628432223099	0.004167663602685868	0.010414415993920586
1.8999	0.023692376478994547	-0.0511978858152804	0.004175922118375146	0.010474120345586469
1.9999	0.023722899667102025	-0.05121900887686463	0.004183998005781591	0.01053250476006568
2.1999	0.02378193554776926	-0.05125986177262976	0.004199617953682543	0.010645429835432069
2.3999	0.023838388613667685	-0.051298924836872734	0.0042145546817650885	0.010753416972207417
2.5999	0.023892371783273816	-0.05133627631951758	0.004228838059821399	0.010856682052885019
2.7999	0.023943993038364017	-0.05137199104946792	0.0042424966517616396	0.01095543152175845
2.9999	0.023993355639842895	-0.051406140584171166	0.004255557772706024	0.01104986279755167
3.1979	0.02404009668519049	-0.05143847401667376	0.004267925391114913	0.011139281490416012
3.4092	0.02408774569041837	-0.05147143281299346	0.004280533418267326	0.011230439897084367
3.6346	0.02413615155610975	-0.05150491203422785	0.004293341898404587	0.011323049369808309
3.8746	0.024185078740634823	-0.051538748311383005	0.004306288533470321	0.011416659733976837
4.1306	0.024234451440728666	-0.051572888711216305	0.004319353295835577	0.011511126469388882
4.4039	0.024284130805879368	-0.051607236638998494	0.004332499478547787	0.01160618449050285
4.6946	0.024333742439671194	-0.051641532617792585	0.0043456280460186965	0.011701118038649953
5.0046	0.024383209738303848	-0.05167572301556928	0.004358718767518316	0.011795781207339978
5.3352	0.024432316008783973	-0.05170965729455481	0.004371714344788508	0.011889760088346591
5.6879	0.024480849345337855	-0.0517431881767973	0.004384558749375986	0.011982649983541838
6.0632	0.024528452761378938	-0.0517760681347585	0.004397157557960444	0.012073768534487056
6.4639	0.024575050850070324	-0.051808244106625365	0.004409490872027906	0.012162972382667225
6.8912	0.024620344601576475	-0.05183950853977739	0.004421479616699691	0.012249690214029494
7.3459	0.024664011768931682	-0.05186963789403975	0.004433038563358863	0.012333306173370499
7.8312	0.024705962370683728	-0.05189856889252593	0.004444143965064071	0.012413649153125227
8.3486	0.024745937727083465	-0.051926121844055005	0.004454727420458821	0.01249022503056197
8.9006	0.02478377201225187	-0.051952181114984224	0.004464745107704945	0.012562717493471471
9.4886	0.024819241156294827	-0.05197659102681438	0.004474137778893373	0.012630698558881846
10.1152	0.024852227684411796	-0.05199926942332684	0.004482874403998607	0.012693944383098715
10.7832	0.02488264139216817	-0.05202015298845273	0.004490931170159421	0.012752283316769657
11.4959	0.024910432824552173	-0.0520392065005315	0.004498295052426688	0.01280562176126124
12.2552	0.02493552975646351	-0.052056379362097636	0.004504946978333772	0.012853822181248848
13.0646	0.02495795720035919	-0.05207168789819719	0.004510893624920304	0.01289693340588806
13.9279	0.02497777265966885	-0.05208517086299968	0.0045161502691036595	0.012935066468483665
14.8479	0.02499504297263441	-0.05209687376760972	0.0045207346397701164	0.01296834996056898
15.8286	0.02500989420750597	-0.05210688282253706	0.004524680154424038	0.012997026058261934
16.8739	0.02502247583677159	-0.05211530048576294	0.004528026419846569	0.01302138165402389
17.9886	0.02503296891899012	-0.05212225084450314	0.0045308214137184675	0.013041764287457706
19.1772	0.025041565448426787	-0.052127865650670686	0.0045331160012899085	0.013058542318921024
20.4439	0.025048468074088826	-0.05213228412617763	0.004534963861058068	0.01307210439236253
21.7946	0.025053893184655486	-0.05213565452461284	0.004536422335450735	0.013082865910037015
23.2346	0.025058049475519227	-0.05213811994124888	0.004537546721426916	0.013091227392669776
24.7692	0.02506113793503996	-0.05213981813068857	0.004538390277232968	0.013097574626215587
26.4052	0.025063348425896057	-0.05214087870576374	0.004539003344063146	0.013102272558517963
28.1499	0.025064851472357052	-0.052141417734387005	0.004539431156262974	0.013105649309421792
30.0092	0.025065795327838536	-0.05214153625473123	0.004539713032714206	0.013107990016432152
31.9919	0.025066307657939272	-0.05214132020298678	0.00453988289651511	0.013109541292477274
34.1052	0.025066492669997796	-0.0521408397204185	0.00453996843773408	0.013110504440280207
36.3579	0.025066433647871766	-0.05214014998822622	0.004539991839344094	0.01311104122126845
38.7599	0.02506619431954837	-0.052139292319344	0.004539970130326816	0.013111276325979148
41.3206	0.02506582170638998	-0.052138296593780865	0.004539915911657363	0.013111302359931649
44.0499	0.02506534906029738	-0.05213718300602512	0.004539838150574715	0.013111185747358433
46.9599	0.025064798361683037	-0.0521359633065439	0.004539742870794982	0.013110971997075676
50.0619	0.025064183506144613	-0.052134643874162584	0.004539633943509209	0.013110690929764463
53.3692	0.02506351209328561	-0.0521332261493535	0.004539513609056176	0.013110360905222558
56.8946	0.025062787765682413	-0.05213170897515418	0.0045393830523404064	0.013109992573158908
60.6532	0.025062011048578435	-0.052130088372804174	0.004539242673432714	0.013109591285792444
64.6599	0.025061180866801244	-0.05212835931299624	0.004539092445535539	0.013109159277020789
68.9312	0.02506029485238579	-0.05212651541083053	0.004538932027517934	0.013108696769401245
73.4846	0.025059349897310988	-0.052124549481785375	0.004538760899729583	0.013108202857748856
78.3392	0.025058342284363853	-0.05212245345981586	0.004538578408995441	0.01310767593212621
83.5139	0.025057268202892637	-0.0521202192732142	0.004538383873870548	0.01310711414479533
89.0312	0.025056123034032506	-0.05211783725541294	0.004538176461339235	0.013106515138888856
94.9126	0.025054902341377958	-0.05211529815615354	0.0045379553692210285	0.013105876616151086
101.1826	0.02505360105697516	-0.05211259142604656	0.004537719680076197	0.01310519593343701
107.8666	0.02505221392407895	-0.052109706128308834	0.0045374684419523074	0.013104470343540314
114.9919	0.02505073529240477	-0.052106630509354594	0.004537200631512068	0.013103696891620975
122.5886	0.0250491589325772	-0.052103351611608124	0.004536915120500241	0.013102872319379143
130.6866	0.025047478659277197	-0.05209985656928489	0.004536610788631965	0.013101993391408207
139.3192	0.02504568758466609	-0.052096131055366854	0.004536286388379398	0.013101056504784825
148.5232	0.02504377809819467	-0.05209215923957506	0.004535940541316518	0.013100057678536968
158.3346	0.025041742759200795	-0.05208792564500477	0.004535571899787216	0.013098993020556437
168.7939	0.02503957319788466	-0.05208341286210449	0.004535178947849527	0.013097858152715526
179.9446	0.02503726042722657	-0.052078602197478174	0.004534760057770336	0.01309664837402721
191.8312	0.025034795258517175	-0.05207347453820655	0.0045343135652864035	0.013095358878003338
204.5039	0.02503216732741193	-0.05206800832599734	0.004533837593202905	0.013093984243197078
218.0132	0.025029366214780347	-0.052062181888601185	0.004533330254402163	0.013092519019503835
232.4152	0.02502638034869321	-0.052055971155896656	0.004532789452971065	0.013090957153805755
247.7679	0.025023197772856318	-0.05204935125826629	0.004532213023380138	0.01308929239192893
264.1359	0.025019805173656092	-0.052042294502808666	0.004531598554261606	0.013087517769704243
281.5846	0.02501618908403037	-0.052034772877442514	0.004530943606455008	0.01308562624269574
300.1859	0.02501233470374419	-0.05202675559702858	0.004530245499335021	0.013083610069102998
320.0159	0.02500822637820639	-0.05201821009932917	0.004529501397534935	0.01308146106022358
341.1559	0.02500384739356474	-0.05200910161879693	0.00452870827383419	0.013079170473270037
363.6926	0.02499917993793689	-0.05199939310593374	0.004527862902136511	0.013076728991090426
387.7179	0.024994205145802216	-0.0519890453196274	0.004526961865510175	0.01307412674538902
413.3306	0.024988902749368543	-0.05197801610197936	0.004526001493043396	0.013071353134361035
440.6352	0.024983251330929875	-0.051966260903219715	0.004524977905551469	0.013068396954697496
469.7432	0.024977228058062594	-0.051953732230903764	0.0045238869676153875	0.013065246263069992
500.7746	0.024970808378306394	-0.05194037901483486	0.004522724232282316	0.013061888216422473
533.8552	0.02496396658343313	-0.051926147780768435	0.0045214850432662105	0.013058309367132514
569.1219	0.024956674719547666	-0.05191098038337396	0.004520164337544809	0.013054495092900048
606.7179	0.024948903587170557	-0.051894816086450656	0.004518756826495037	0.013050430119876867
646.7972	0.024940621818920785	-0.05187758964446732	0.004517256828842501	0.013046098040215132
689.5246	0.024931795889273654	-0.051859231322858926	0.004515658272428836	0.013041481317171554
735.0746	0.024922390352518007	-0.05183966739298829	0.004513954737310633	0.013036561409579595
783.6332	0.02491236748291118	-0.051818819383652445	0.004512139390584126	0.013031318583619432
835.3999	0.024901686875760054	-0.051796603251313696	0.00451020491413282	0.01302573170414889
890.5859	0.024890305834614154	-0.05177293018547834	0.004508143574756083	0.013019778437238904
949.4179	0.02487817860510657	-0.0517477050150521	0.004505947085402056	0.01301343484940614
1012.1359	0.02486525684887371	-0.05172082719411399	0.004503606691004221	0.013006675655513956
1078.9972	0.02485148884195298	-0.051692189134548296	0.004501113023294819	0.012999473799465205
1150.2759	0.024836819604220225	-0.05166167647528011	0.004498456124248624	0.012991800521909165
1226.2626	0.024821190990270615	-0.05162916827131167	0.004495625462543324	0.012983625407780112
1307.2692	0.02480454073529348	-0.05159453500909989	0.004492609760747935	0.012974915887207476
1393.6266	0.02478680296637622	-0.051557639670091124	0.004489397087930406	0.012965637502971932
1485.6892	0.02476790732084264	-0.05151833589682615	0.0044859746999706485	0.012955753449320264
1583.8332	0.024747779344493473	-0.051476468821297854	0.004482329111690043	0.012945224780279492
1688.4606	0.02472633972600333	-0.0514318734724633	0.00447844595818507	0.01293401000918044
1799.9999	0.024703504216811202	-0.05138437460961245	0.00447430998031783	0.012922065066753518
